skin=2
pos_angle=55.957054
pos_z=19.348037
pos_y=2141.147949
pos_x=26.248125
salt=+TE(>.vUc@kuFdiQ
password=67F4A68D6BE88DA1C331AA3E4248312A397522B3BE51A0691C57605F2D7E3F2D

